431 185.000000 467.500000
846 184.000000 467.500000
846 184.000000 467.500000
862 183.000000 466.500000
879 178.000000 460.500000
897 173.500000 452.000000
929 161.000000 422.500000
946 155.000000 406.000000
962 148.500000 389.500000
978 143.000000 375.500000
995 134.500000 355.500000
012 129.500000 344.000000
029 122.000000 327.500000
045 116.000000 313.000000
062 108.500000 297.000000
079 104.500000 286.500000
095 100.500000 273.000000
112 94.000000 252.500000
129 88.000000 222.500000
146 84.500000 206.500000
162 78.500000 187.000000
179 73.000000 173.500000
196 70.000000 168.000000
230 65.000000 161.000000
246 62.500000 160.000000
263 61.500000 158.500000
279 60.500000 158.500000
312 60.500000 158.000000
582 60.500000 158.000000
