600 152.000000 411.500000
863 152.000000 410.500000
864 152.000000 410.500000
880 153.000000 408.500000
896 153.500000 406.000000
912 154.500000 404.000000
930 156.500000 400.000000
946 159.000000 391.500000
963 164.000000 376.000000
979 167.000000 363.500000
996 171.500000 350.000000
013 175.500000 340.500000
030 177.500000 336.500000
046 180.500000 329.000000
063 183.000000 321.500000
080 185.000000 316.500000
097 187.500000 309.000000
113 189.500000 303.500000
130 192.000000 298.500000
147 194.000000 293.000000
163 197.000000 286.000000
180 200.000000 278.500000
196 203.500000 272.500000
213 205.500000 267.000000
230 208.500000 262.000000
247 210.500000 256.500000
263 213.500000 251.500000
280 216.000000 245.000000
297 220.000000 236.000000
313 224.000000 225.500000
330 228.500000 216.000000
347 232.500000 207.500000
363 235.500000 200.500000
380 237.500000 193.000000
397 242.000000 185.500000
413 246.500000 172.500000
430 253.000000 159.000000
447 256.000000 149.500000
463 261.500000 139.000000
483 265.500000 129.500000
514 274.000000 111.000000
530 278.000000 101.500000
548 281.000000 95.500000
564 283.500000 89.000000
580 286.500000 84.000000
597 288.500000 80.500000
614 290.000000 77.000000
631 292.000000 73.000000
664 294.000000 69.000000
681 295.000000 68.000000
698 295.000000 67.000000
843 295.000000 67.000000
