
	X			Y
	144.000000 496.500000
936 144.000000 495.500000
936 144.000000 495.500000
952 144.000000 493.500000
968 144.000000 491.500000
985 144.000000 486.000000
002 144.000000 480.000000
019 145.000000 472.500000
035 145.000000 464.500000
052 145.000000 456.000000
069 146.000000 448.500000
085 146.000000 439.500000
102 146.000000 432.000000
119 146.000000 423.500000
136 146.000000 417.500000
152 146.000000 408.000000
169 146.000000 401.500000
185 146.000000 394.500000
202 145.000000 385.000000
219 145.000000 377.500000
236 144.000000 368.500000
252 143.000000 355.000000
269 142.000000 334.000000
286 141.000000 313.500000
302 141.000000 296.500000
319 140.000000 268.500000
336 140.000000 255.000000
353 140.000000 236.000000
369 140.000000 220.500000
386 140.000000 208.000000
403 141.500000 201.500000
419 142.500000 197.500000
436 142.500000 195.500000
453 142.500000 195.000000
503 142.500000 194.000000
519 142.500000 192.000000
536 142.500000 189.500000
553 142.500000 184.000000
570 142.500000 179.000000
586 142.500000 174.500000
603 142.500000 172.500000
620 142.500000 170.500000
636 142.500000 168.500000
653 142.500000 164.000000
669 142.500000 161.000000
686 142.500000 159.000000
703 142.500000 157.500000
753 142.500000 157.000000
770 142.500000 155.000000
786 142.500000 153.000000
803 142.500000 149.500000
820 142.500000 147.500000
837 142.500000 145.500000
853 142.500000 144.500000
870 142.500000 143.500000
887 143.500000 142.500000
903 144.500000 142.500000
920 145.000000 141.500000
970 145.000000 141.000000
	145.000000 141.000000