752 155.000000 488.000000
755 155.000000 487.000000
755 155.000000 487.000000
772 155.000000 485.500000
789 154.000000 484.500000
822 154.000000 482.500000
838 153.500000 481.000000
856 153.500000 480.000000
872 153.500000 479.000000
889 153.500000 478.000000
906 153.500000 476.500000
922 153.500000 474.500000
940 152.500000 473.500000
973 152.500000 471.000000
989 152.500000 470.000000
006 152.500000 469.000000
022 152.500000 467.500000
039 151.500000 466.500000
056 151.500000 466.000000
073 151.500000 465.000000
089 151.500000 464.000000
106 151.500000 461.000000
123 151.500000 456.500000
139 151.500000 452.500000
156 150.500000 449.500000
173 150.500000 446.000000
190 150.500000 441.500000
206 150.500000 436.500000
223 150.500000 428.000000
240 150.500000 422.000000
273 150.500000 410.500000
289 150.500000 406.000000
306 150.500000 403.000000
323 150.500000 398.000000
340 150.500000 391.500000
356 150.500000 386.500000
373 150.500000 381.500000
390 150.500000 376.500000
407 150.500000 369.000000
423 150.500000 364.000000
440 151.500000 355.500000
456 152.500000 349.000000
474 152.500000 338.500000
490 153.500000 329.500000
507 154.500000 321.000000
523 155.500000 313.500000
540 157.000000 304.000000
557 158.000000 293.500000
573 160.000000 282.000000
590 162.000000 271.500000
607 163.000000 262.000000
624 164.000000 254.000000
640 166.500000 245.500000
657 168.500000 238.000000
673 170.500000 229.000000
690 173.500000 221.000000
707 176.500000 214.000000
723 179.500000 207.500000
740 181.500000 202.500000
757 183.500000 198.000000
773 187.000000 194.000000
790 190.000000 190.000000
807 193.000000 184.500000
824 195.000000 182.500000
841 198.500000 178.500000
857 200.500000 173.000000
873 203.500000 169.000000
890 206.500000 165.000000
907 210.500000 158.500000
924 214.500000 152.500000
941 219.000000 144.000000
957 222.000000 140.000000
974 225.000000 134.500000
991 229.500000 130.500000
008 232.500000 126.000000
024 236.500000 123.000000
041 240.500000 120.000000
057 246.000000 117.000000
074 249.500000 115.500000
091 252.500000 113.500000
108 255.500000 112.500000
124 259.000000 112.500000
141 262.000000 112.500000
158 265.000000 111.500000
175 267.000000 111.500000
191 271.500000 111.500000
208 273.500000 111.500000
224 275.500000 111.500000
241 277.500000 111.500000
258 279.500000 111.500000
275 280.500000 111.500000
291 283.000000 111.500000
308 284.000000 111.500000
341 285.000000 111.500000
392 285.500000 111.500000
471 285.500000 111.500000
