553 156.500000 444.500000
897 156.500000 443.000000
897 156.500000 443.000000
913 156.500000 430.500000
930 156.500000 419.000000
947 156.500000 405.500000
964 157.500000 393.000000
980 158.500000 384.500000
996 160.000000 373.500000
013 160.500000 365.500000
030 160.500000 358.500000
047 160.500000 351.000000
064 160.500000 344.500000
080 160.500000 337.500000
097 160.500000 329.000000
113 160.500000 320.500000
130 160.500000 310.500000
147 160.500000 298.500000
163 160.500000 284.000000
180 160.500000 269.500000
197 160.500000 253.500000
214 159.500000 241.000000
230 158.500000 228.500000
247 156.500000 218.000000
264 153.000000 207.500000
281 151.000000 196.000000
297 148.000000 186.000000
314 145.000000 175.500000
330 140.500000 165.000000
347 136.500000 155.000000
364 133.500000 147.000000
381 129.000000 138.500000
398 126.000000 131.000000
414 123.000000 125.000000
431 118.500000 118.500000
464 114.500000 112.500000
481 111.500000 110.500000
498 108.500000 108.000000
528 106.000000 106.000000
548 99.500000 101.500000
565 97.500000 100.000000
581 94.500000 99.000000
598 93.000000 98.000000
614 92.000000 97.000000
631 91.000000 97.000000
647 90.000000 96.000000
664 89.000000 96.000000
681 88.000000 94.500000
698 86.500000 94.500000
714 85.500000 93.500000
731 84.500000 93.500000
748 83.500000 92.500000
765 82.500000 92.500000
781 81.000000 92.500000
798 80.500000 92.000000
896 80.500000 92.000000